3                                                

0.240792241686748677683133871855e4 0.430714785326983430867339602854e-13
0.778841910974390953884398738007e-4 0.139260679133057292008884711006e-20
0.140792241686748685116890182257e4 -0.521604513677050848258587771404e-14
0.998667807696763535768880296911e0 -0.222599428414419766518841033418e-19
0.107263707457111078524473270501e-2 0.196621750538308927991204888849e-19
0.920775831325131585189583351197e2 0.168790825854555325290013337072e-14

0.100544511833094525532e4 -0.293758667112651022935e1
0.330298163084614330418e0 0.179524722124733202128e0
0.544511833094466150829e1 -0.293758667112771653003e1
0.627303913472691561121e0 -0.184560239618157515595e0
0.174104806134230346628e-1 0.342207545639292085303e-4
0.149455488166905533820e4 0.293758667112771559848e1

0.100544511833094499420e4 0.293758667112735513682e1
0.330298163084598057654e0 -0.179524722124715063534e0
0.544511833094499399319e1 0.293758667112735504445e1
0.627303913472708182429e0 0.184560239618138968135e0
0.174104806134230308003e-1 -0.342207545639250072469e-4
0.149455488166905500580e4 -0.293758667112735510907e1

