0
-2.843466287033782e-03 -3.348496699591778e-03
-9.802892186798268e-02 -6.264080528867088e-01
-1.739039613755660e-06 -6.817667941529362e-07
-7.748116801294085e-02 -4.791734730332035e-01
-2.831542623680801e-03 -3.343407227744085e-03
-9.482215585301101e-07 -1.287608267073264e-06
-6.724232327766794e-02 -1.118857830942996e-01

1
-0.135908572616556079848048701177e-10 0.124364805758564193127441598713e-10
-0.446271662856104467239917729738e-6 0.404211578536900206335391204520e-5
0.916576019926731847572642542389e-9 0.103708783545920260310114224823e-8
-0.511817458864018053641534811561e-5 0.146151007080379492270247240929e-4
-0.140768228357513267690124343605e-4 -0.518578745664848919782914664674e-5
0.140761523197468416029617566798e-4 0.518501911417583647740078711123e-5
0.110125431991812227915957055109e1 0.531822997093543677746965015754e0

2
4.926964545497164e-04 1.453421442732903e-04
6.128408683433133e-04 2.118436834939749e-03
-7.298633351721551e-03 -1.192064476825604e-03
-1.267231698509279e-04 -5.641237763605467e-05
3.655996396008272e-02 -3.140381997339430e-02
1.427397915812435e-05 4.319384119645700e-06
1.124178913855685e+00 4.631070335480565e-01

3
-0.177026402815072431344e-10 0.174350965482903059847e-10
-0.313434817532559259992e-8 0.308694123397496237461e-8
-0.720444972259847069846e-5 -0.265363738969803807185e-5
0.312676932552890959413e-8 -0.307950617623173449185e-8
-0.720444955628089984776e-5 -0.265363754579395961020e-5
0.140760226946984571168e-4 0.518469012374544000258e-5
0.110124639835673485784e1 0.531795278847253425193e0

4
8.776300988020233e-04 3.009640480041399e-04
5.415016629535258e-02 6.416420536236195e-02
-1.194402322527975e-03 1.100607383280848e-03
-2.032228639944728e-04 -1.224719515701993e-03
2.030807331605249e-03 -1.238293373018626e-03
1.534673995541621e-05 5.272959266651513e-06
1.203734900450877e+00 5.489226368251788e-01

5
-0.136347514961798588741793120291e-10 0.140267570079823496657283825381e-10
0.662327770767936951788845477677e-5 -0.122180413556329263084503943956e-4
-0.122022512084383247683919373466e-4 -0.643995200037305204034128791180e-5
0.993204596566621271192055119412e-9 -0.133050541332373123489530298925e-8
-0.188430328738462079847556784538e-5 0.124223674581417750386671160957e-5
0.140760931271658278444903335611e-4 0.518438028058751424604182595645e-5
0.110125455888492945198817974565e1 0.531770693221477014783396086774e0

6
-1.037274239373266e-02 1.560482305952499e-03
-1.411006739040043e+00 -5.957159286734691e-01
-2.467560835727300e-06 2.651246316060163e-06
1.142794543355676e+00 5.316607028729607e-01
-1.038926275387071e-02 1.573059819573266e-03
3.003354120649555e-06 -8.180692641906493e-07
2.497325554014471e-01 -4.163717518490495e-02

7
-0.128799212035868315657e-10 0.144032635977618367865e-10
-0.344091008051873316697e-5 0.171591435749107403106e-4
-0.172426301033845938547e-4 -0.302835647420576098437e-5
0.101187267977773921638e-8 -0.794620332917428107771e-9
0.318429320396198950010e-5 -0.214413737014353846241e-5
0.140762421083211939988e-4 0.518467983240154262434e-5
0.110126428339890754477e1 0.531796175507722686249e0

8
-0.647938030920248735681e-7 0.760778824188456785196e-7
0.929713659238308956217e-4 -0.223127710036980483003e-3
-0.104237322528257404647e-2 -0.336405914964322699842e-3
0.125616572377479521820e-6 -0.138120682767503564698e-6
0.101835740047299586158e-2 0.324076492328348866317e-3
0.140886629603178443093e-4 0.515807611879118669401e-5
0.110248211913902734811e1 0.529735519981386982933e0

9
-0.278743890985566791125e-10 0.280981047580008391475e-10
0.142085695800686760916e-4 0.504894939877479789345e-5
0.138773163087566405915e-6 -0.152771087071989860568e-6
-0.282496384930765053969e-6 -0.102133119620508006888e-6
-0.142049935551932631860e-4 -0.504657706285371619710e-5
0.140761376785646148083e-4 0.518475981123279595675e-5
0.110125517844983148927e1 0.531801840994476675436e0

10
7.394377774594025e-04 3.645322770599842e-04
-2.282112999051858e-02 -9.480889033094117e-03
3.764663398413750e-02 6.825273886762261e-02
2.012354309692012e-05 -2.960546266666997e-06
-6.205051326280797e-03 -3.558587971356544e-03
1.285361222831007e-05 6.410210035182292e-06
9.924582363141244e-01 6.215413533449108e-01

11
-0.137177545954130999719542874761e-10 0.127239448320155867196705181997e-10
-0.340785569819500885642545177957e-6 0.358496943681059704269368129424e-5
-0.956908074192821387924193932401e-9 -0.105786749593208606859842413984e-8
0.511751074902775444286555014745e-5 -0.144968054893984619147849335807e-4
-0.140750828147817351232297152346e-4 -0.518395744277471461693084615855e-5
0.140757657348183350604934158028e-4 0.518477105344211085350445782913e-5
0.110122490919365929275609572341e1 0.531799817638425210864898970336e0

12
-1.430533444544958e-05 1.338560826261355e-05
1.939876083805267e-04 -1.833699565166113e-04
-1.405697244283607e-02 -5.060615575335481e-03
1.884245090138492e-06 -1.759621407023918e-06
-1.396945542890530e-02 -5.134891988212429e-03
1.380913202707726e-05 4.986797924921150e-06
1.081152482237479e+00 5.136333735817721e-01

13
-0.141327090280866900684636263616e-10 0.135938032164965580390243741188e-10
-0.671511061980014874229034372740e-5 0.145502712345045571475346060502e-4
-0.145001374194695596063519088989e-4 -0.678709455261743696171909621584e-5
0.939835615208019114583566670173e-9 -0.107327462251668415978123852222e-8
0.436518758585300618864698987360e-6 0.161768533718878532882813880336e-5
0.140762516438119786195027735345e-4 0.518477395848487688000909529373e-5
0.110126431424142087898468190728e1 0.531803888413063955575807502924e0

14
8.801449123457457e-04 3.069355699742704e-04
5.393496113219347e-02 6.473670979735338e-02
-3.970668327226154e-04 -6.052741719701401e-04
-2.672883242012509e-03 8.879190079092711e-04
1.292524096548352e-03 1.036240218867109e-03
1.541515602661947e-05 5.360442076890676e-06
1.208596592313157e+00 5.565613013382119e-01

15
-0.282084300311085181002e-10 0.271465502533437039315e-10
-0.139341813195407925673e-4 -0.531870089317173658074e-5
-0.161296172788514051613e-6 0.143022951696632417183e-6
0.277193583113504021604e-6 0.104385677787783124983e-6
-0.139312118173346132639e-4 -0.531622822951175854384e-5
0.140757062149981781750e-4 0.518492855176244266839e-5
0.110121883653400655964e1 0.531812127720155677977e0

16
1.247227185409111e-02 -4.974461997065107e-03
-2.021922595931735e+00 -4.147607653510942e-01
-3.882692685076982e-06 4.302986441212835e-06
1.495363078986143e+00 2.514629049678116e-01
1.246355961619027e-02 -4.956854147945152e-03
-4.889559758866285e-06 1.346969171563346e-06
-4.071577115944421e-01 6.928667742184152e-02

17
-0.139324813586848792474990823135e-10 0.137868729007551551252454996319e-10
0.599457068929520876046325278807e-6 -0.885233554634690275422907013309e-6
0.107313253819629144341273748321e-8 0.108238544514435351755458943236e-8
-0.521393596241137459390240934822e-5 0.141024592749977297749258669836e-4
-0.140769405490254818343849549611e-4 -0.518576549987470083423229527456e-5
0.140761036390026162392839751185e-4 0.518495165524768634503675640820e-5
0.110125090225202673208137626853e1 0.531817139078696842182143265851e0

18
8.138705187704115e-04 2.298742101474421e-04
-1.947353362173538e-02 -7.052054465233914e-03
-5.153114944190823e-02 -6.034968289721351e-02
-2.005891537549780e-05 6.334969059564146e-06
-8.627390647081705e-03 -1.887307366475262e-03
1.415601633408471e-05 4.114423005494258e-06
1.116250106779959e+00 4.455200050845474e-01

19
-0.141051938814621481848867179287e-10 0.137069683080391426702849255894e-10
0.399052296986503186171350926649e-5 -0.136903549154018885005745893066e-4
-0.136610209171797338105290255576e-4 -0.403539258262265092844123136638e-5
0.123255962559501727323812786467e-8 -0.104742807396124333756121539226e-8
-0.428108633418504300561662318623e-6 -0.116069732023435646695264925357e-5
0.140759978547114004045277660390e-4 0.518434241908461309110044062805e-5
0.110124712704215121113042110066e1 0.531766869095556489775502924361e0

20
4.790159157257112e-04 1.939432186043569e-04
-4.014001657543946e-04 -2.190338247463041e-03
-7.555702883135934e-03 -4.631837045103582e-03
-1.134329410617941e-04 -2.653201327017727e-05
-3.953203677794062e-02 2.748490571980486e-02
1.377032261801584e-05 5.740899879144874e-06
1.072095217105210e+00 5.744814781947362e-01

21
-0.510045028710322944636e-11 0.556954231008913177177e-11
0.643555564574388221445e-10 -0.933244455440282546567e-10
-0.425025505106832734637e-5 0.109922649307457914475e-4
-0.210228509528983285341e-10 -0.113864972442801488278e-9
-0.425025503511546986613e-5 0.109922649443353538420e-4
0.140760033686771244021e-4 0.518499763871708759325e-5
0.110124240311920498162e1 0.531820078914478817120e0

22
2.604725836515123e-03 2.408117528700057e-03
-1.295491846819686e-01 -5.232269860933527e-01
-1.315796316569750e-06 -1.159138280278662e-07
-9.865826716964189e-02 -4.073609801229708e-01
2.612415480429925e-03 2.408708636366364e-03
8.966269132972881e-07 6.708452512083464e-07
6.782408371649452e-02 6.140321224443124e-02

23
-0.508991454142806017292e-11 0.660707608018333130089e-11
0.223718388705580039126e-9 -0.716762137272197655486e-11
-0.448677155011132267501e-5 0.105402171661743649020e-4
0.156336717857419007884e-9 -0.127187094086328243665e-9
0.448677152567605073879e-5 -0.105402171763694304718e-4
0.140759312323051628584e-4 0.518461913353109379186e-5
0.110123953714177937372e1 0.531788796636928507518e0

24
-0.667971199389629604008e-9 0.657770063201161010992e-9
0.135784377980172530322e-6 -0.133709123682167335466e-6
0.960973700626002274661e-4 0.354094848008053691275e-4
-0.130055058345656752926e-7 0.128057647719023251449e-7
-0.960972786934631806992e-4 -0.354093517193539652079e-4
0.140747370559889316311e-4 0.518690288611942806379e-5
0.110112461386810167943e1 0.531964681550104186375e0

25
-0.100169398048932813135e-6 0.582806374713903411417e-7
0.244898259657066929646e-4 0.208725690645893420339e-3
-0.103718227494800123369e-2 -0.516748484837869446242e-3
0.162048477449897199435e-6 -0.116959237899890974632e-6
0.102255500212982379798e-2 0.529041421870475581002e-3
0.140972057397702095190e-4 0.516515041215634287975e-5
0.110311946582423115696e1 0.530376973788670928516e0

26
7.383965728811415e-04 2.861741107393238e-04
-4.449904045868016e-02 -6.369786219488879e-02
3.853749115200339e-03 -9.278957539362890e-04
2.074797562513254e-04 3.065582570431352e-04
-2.257181049767219e-03 3.716921323455242e-04
1.290451020858560e-05 5.003151603312239e-06
1.007686226692255e+00 5.077663293171395e-01

27
-0.139053263009080442203985504286e-10 0.137828869643518166332347332923e-10
0.690957699554660532023141030771e-6 -0.984958453103187252446822210874e-6
-0.107114053118394296345172331508e-8 -0.107667169756091774921269517980e-8
0.522077232599072150124575141854e-5 -0.141059814689561574268616094654e-4
-0.140749267168708154291586598118e-4 -0.518387146762670334988534688124e-5
0.140757343111247017456370555119e-4 0.518470790554878742278167511285e-5
0.110122285778671007988339501301e1 0.531794445634442113916510674541e0

28
-0.757466252593172141683e-7 0.104728609593779204406e-6
-0.173282910039087262630e-3 0.643685681323639441038e-4
-0.116411765362255308044e-2 -0.334184751000968319236e-3
0.135498732502810590300e-6 -0.163607825436758066200e-6
0.117194631023365527714e-2 0.322463098740828846813e-3
0.140898290083082379258e-4 0.516095843567834302618e-5
0.110255398870185297841e1 0.529978604648900822023e0

29
-0.668409029234649831707e-11 0.498886125394262038677e-11
0.105754220366813906624e-10 -0.223591230390002924980e-9
0.342247835554856026686e-5 -0.109326865810525688213e-4
0.129558750304128440483e-9 -0.154386692628997596283e-9
-0.342247834138637315726e-5 0.109326866062455570981e-4
0.140764040266240023196e-4 0.518493701990095262831e-5
0.110127539202921373982e1 0.531818322344179375658e0

30
7.351796171621659e-04 2.823566634049667e-04
-4.450113073305829e-02 -6.295068853573506e-02
-3.147670150910193e-04 -6.043164600753425e-05
-3.884680443246253e-03 -2.363259633669997e-03
1.084153336518190e-03 3.437268295565417e-04
1.286090768172546e-05 4.974482831157580e-06
1.004373941259390e+00 5.050960197742297e-01

31
-0.564665310637591797067e-11 0.501505567706802589519e-11
0.942948850055651881291e-10 -0.629267729785460767699e-10
0.389564248177604029067e-5 -0.111230009183568274641e-4
0.113532496625548078750e-9 0.227553461909350871825e-10
0.389564246896291089665e-5 -0.111230009358390816340e-4
0.140763093820512642286e-4 0.518457704184442601070e-5
0.110127055344925893054e1 0.531788365761439763468e0

