2
0
0
52
2.972227727850528e-02 1.885710842510619e-01
2.249341013593286e-01 1.427079997300257e+00
1.917755075684236e-16
6.888952326877696e+00
6.412880398060625e-18
3.814697265625000e-07
2.983405818033291e-13
0.000000000000000e+00
1
1
1
52
6.878952743009559e-01 -1.201403521488908e+00
9.089690695091386e-02 -1.587507113117653e-01
9.342526752220692e-14
1.519200253742644e+02
2.060920313642518e-17
1.562500000000000e-03
4.612118133941434e-12
0.000000000000000e+00
1
1
2
52
2.887033799225038e-02 1.849747533386391e-01
2.223016025403277e-01 1.424305600707521e+00
4.535575134284005e-17
6.900430968040702e+00
3.463199457930173e-17
3.814697265625000e-07
2.983212909314876e-13
0.000000000000000e+00
1
1
-1

2 0
1 2
877011286715782889206611166676233077875279773034611176757354761403767880402152838815515534900541274341276285035347503452765053227107727439786774497607955920551935495549221960818930400941675981829652284527510809820609045003166228032165575099036661958102253726805535533073922351117759646654773210675621002594787/2500000000000000000000000000000000000000000000000000000000000000000000000000000000000000000000000000000000000000000000000000000000000000000000000000000000000000000000000000000000000000000000000000000000000000000000000000000000000000000000000000000000000000000000000000000000000000000000000000000000000000000000 1459888646920263499687475780190868357087180736875799207070187990081344974694592226057918421598441394746014754793012996952880076195295629082475691228248950641219289514325909053873569957488564299409317948170554887121426464802565163540872502141733758841278686834887993463939057010708231957280716608858608630359093/2000000000000000000000000000000000000000000000000000000000000000000000000000000000000000000000000000000000000000000000000000000000000000000000000000000000000000000000000000000000000000000000000000000000000000000000000000000000000000000000000000000000000000000000000000000000000000000000000000000000000000000000
6141628893016449125690173938292373371265150584390139892902358641873926423294199619662900933756947589444160924606952341552250759892463322429573481675651978233350390376485009244680045748956469188856082239556916800969653586154517048382451942456794433409597737955312913406653076920659388410209465656149505521902093/100000000000000000000000000000000000000000000000000000000000000000000000000000000000000000000000000000000000000000000000000000000000000000000000000000000000000000000000000000000000000000000000000000000000000000000000000000000000000000000000000000000000000000000000000000000000000000000000000000000000000000000000 -3900990371278167738821180092038277878743006326014431146881300230740366378956898051941655279294771805665953573636293898040620914420097547186948258991506800791971306939027564265252341532437133165782363558066812697259202130250312319619544231706117945526021310794385111542221339460477899444847698522173513409467233/5000000000000000000000000000000000000000000000000000000000000000000000000000000000000000000000000000000000000000000000000000000000000000000000000000000000000000000000000000000000000000000000000000000000000000000000000000000000000000000000000000000000000000000000000000000000000000000000000000000000000000000000

0
-835234072059820511144281104691474394647365813293961054599710970928133924001446897359567451145001190827103308524901521628290385753925884396968797914982803783342955670398131423602713094818822411309112139205416547211578368603718598573089133342938687563577383001372283955772098715826791358916505514573835636313857/25000000000000000000000000000000000000000000000000000000000000000000000000000000000000000000000000000000000000000000000000000000000000000000000000000000000000000000000000000000000000000000000000000000000000000000000000000000000000000000000000000000000000000000000000000000000000000000000000000000000000000000000 -5351026497250636825114310368727878042456498073123560314623864666736761382456914544208580088087758708344684684568408240582691116578485395319161823465292949172816232301353647979363634958320077696576768412807888533124427768410800120407478072595236531821073683279524970276459072419454810364545263716291769576770669/10000000000000000000000000000000000000000000000000000000000000000000000000000000000000000000000000000000000000000000000000000000000000000000000000000000000000000000000000000000000000000000000000000000000000000000000000000000000000000000000000000000000000000000000000000000000000000000000000000000000000000000000
2 2
1 0
0 0
0 0
1 0

2 0

1 0

