10

0
0.240792241686748677683133871855e4 0.430714785326983430867339602854e-13
0.778841910974390953884398738007e-4 0.139260679133057292008884711006e-20
0.140792241686748685116890182257e4 -0.521604513677050848258587771404e-14
0.998667807696763535768880296911e0 -0.222599428414419766518841033418e-19
0.107263707457111078524473270501e-2 0.196621750538308927991204888849e-19
0.920775831325131585189583351197e2 0.168790825854555325290013337072e-14

3
0.176809382527009240269555117352e3 -0.597182024525144745898382911612e0
0.482945633472452161312370196911e17 -0.825313666067769922509946064147e17
-0.176623593507046784722076003260e3 -0.276915604667604141036509723996e-2
0.482945633472452161225509744218e17 -0.825313666067769922557708200275e17
-0.943578323648610945707862954951e17 0.161249637958873195611226008714e18
-0.809988891839540845422215894425e22 0.138420322178248506193606251340e23

4
0.100544511833094525532e4 -0.293758667112651022935e1
0.330298163084614330418e0 0.179524722124733202128e0
0.544511833094466150829e1 -0.293758667112771653003e1
0.627303913472691561121e0 -0.184560239618157515595e0
0.174104806134230346628e-1 0.342207545639292085303e-4
0.149455488166905533820e4 0.293758667112771559848e1

12
-0.146938963252676736615e2 0.444473133012112114329e0
0.784750210981995256729e14 -0.380652849561205940887e15
-0.129582674545707343043e0 0.366600943319141596327e-2
0.784750210981978346863e14 -0.380652849561209213531e15
-0.771723148582557385638e11 0.374333910930332502484e12
-0.662464537665656844580e16 0.321336662885622882891e17

14
0.100544511833094499420e4 0.293758667112735513682e1
0.330298163084598057654e0 -0.179524722124715063534e0
0.544511833094499399319e1 0.293758667112735504445e1
0.627303913472708182429e0 0.184560239618138968135e0
0.174104806134230308003e-1 -0.342207545639250072469e-4
0.149455488166905500580e4 -0.293758667112735510907e1

21
-0.148686041807612263298581147592e2 0.206110450280911755964394193380e1
-0.399382856624319039067932732869e18 -0.271466480688616855910747491409e18
-0.923925073082394149888377125457e1 0.122355766547872737037763285329e2
-0.399382856624319039067058893816e18 -0.271466480688616855911615647088e18
-0.337340437221440116691768375880e18 0.513810777526765631765819220615e18
-0.289580631590916990044007671905e23 0.441066747585822356645211386633e23

23
-0.170504662955297828131191999844e2 -0.207252401228816467264765453740e2
-0.320807433698770703514641625166e18 -0.278845637907134129761977584640e18
-0.235198996556046003668590214168e2 -0.554289407044287452593030613356e1
0.320807433698770703521348662995e18 0.278845637907134129764192716772e18
-0.343887740438399523124075584230e18 0.437647590023354328265648234330e18
-0.295200984183100399638652990313e23 0.375686551476278167578680523582e23

24
-0.202958118324022525393664532143e3 0.781365254780971655809948003680e0
-0.169455077418148035023379566842e17 0.291374759108043697036914886994e17
0.194400578197518405886538495728e2 -0.308402993085584407255052401872e-1
0.169455077418148057926970900003e17 -0.291374759108043729653320872530e17
-0.248201437778338098769846103721e16 0.426777617081824897749884305227e16
-0.213061706167303028247843758885e21 0.366355521802773898047426149726e21

29
-0.170505134103451107257994821477e2 0.207243441260830544177070586738e2
0.400222537297270436625910649076e18 0.143070842163142663054583535984e18
-0.235200406514252790061304377692e2 0.554247223976005772091339320029e1
-0.400222537297270436626385372845e18 -0.143070842163142663063896490423e18
-0.213064657765181849764944771581e18 0.514154504599683082377835715284e18
-0.182899502572350787998948689356e23 0.441361810649379420482402553205e23

31
-0.148682839145542854483994936882e2 -0.206126974128720255548303829903e1
0.432327783660925035808630417378e18 0.215205323292399051664775997728e18
-0.923909649964823387011105159317e1 -0.122355212331501680469022788568e2
0.432327783660925035806254547220e18 0.215205323292399051667264530523e18
-0.282696077725253491050983267669e18 0.545816175083311026155354940078e18
-0.242672682261968044180617305889e23 0.468540901929965881412463547573e23

