32

-1.757955200768769e-01 -3.869136842162907e-01;
-1.757955200768769e-01 -3.869136842162907e-01;
-1.757955200768769e-01 -3.869136842162907e-01;
-1.757955200768769e-01 -3.869136842162907e-01;
-1.757955200768769e-01 -3.869136842162907e-01;
-1.757955200768769e-01 -3.869136842162907e-01;
-1.757955200768769e-01 -3.869136842162907e-01;

1.013986705041394e-01 -4.097287915381338e-01;
1.013986705041394e-01 -4.097287915381338e-01;
1.013986705041394e-01 -4.097287915381338e-01;
1.013986705041394e-01 -4.097287915381338e-01;
1.013986705041394e-01 -4.097287915381338e-01;
-1.013986705041393e-01 4.097287915381338e-01;
1.013986705041394e-01 -4.097287915381338e-01;

1.283013749339809e+00 -1.600568586336214e+00;
1.283013749339809e+00 -1.600568586336214e+00;
1.283013749339809e+00 -1.600568586336214e+00;
1.283013749339809e+00 -1.600568586336214e+00;
-1.283013749339809e+00 1.600568586336214e+00;
1.283013749339809e+00 -1.600568586336214e+00;
1.283013749339809e+00 -1.600568586336214e+00;

4.990017827235062e-01 -1.452782732225627e-01;
4.990017827235062e-01 -1.452782732225627e-01;
4.990017827235062e-01 -1.452782732225627e-01;
4.990017827235062e-01 -1.452782732225627e-01;
-4.990017827235062e-01 1.452782732225628e-01;
-4.990017827235062e-01 1.452782732225628e-01;
4.990017827235062e-01 -1.452782732225627e-01;

-7.959482641965770e-01 -1.313413806289061e-01;
-7.959482641965770e-01 -1.313413806289061e-01;
-7.959482641965770e-01 -1.313413806289061e-01;
7.959482641965770e-01 1.313413806289060e-01;
-7.959482641965770e-01 -1.313413806289061e-01;
-7.959482641965770e-01 -1.313413806289061e-01;
-7.959482641965770e-01 -1.313413806289061e-01;

1.382019507898210e+00 -1.554439526846928e+00;
1.382019507898210e+00 -1.554439526846928e+00;
1.382019507898210e+00 -1.554439526846928e+00;
-1.382019507898210e+00 1.554439526846928e+00;
1.382019507898210e+00 -1.554439526846928e+00;
-1.382019507898210e+00 1.554439526846928e+00;
1.382019507898210e+00 -1.554439526846928e+00;

2.265311848834245e-02 6.401762109718994e-01;
2.265311848834245e-02 6.401762109718994e-01;
2.265311848834245e-02 6.401762109718994e-01;
-2.265311848834253e-02 -6.401762109718994e-01;
-2.265311848834253e-02 -6.401762109718994e-01;
2.265311848834245e-02 6.401762109718994e-01;
2.265311848834245e-02 6.401762109718994e-01;

3.534710279235038e-01 3.103120357150647e-01;
3.534710279235038e-01 3.103120357150647e-01;
3.534710279235038e-01 3.103120357150647e-01;
-3.534710279235038e-01 -3.103120357150646e-01;
-3.534710279235038e-01 -3.103120357150646e-01;
-3.534710279235038e-01 -3.103120357150646e-01;
3.534710279235038e-01 3.103120357150647e-01;

4.874391494373368e-02 -2.628216774599477e-01;
4.874391494373368e-02 -2.628216774599477e-01;
-4.874391494373365e-02 2.628216774599477e-01;
4.874391494373368e-02 -2.628216774599477e-01;
4.874391494373368e-02 -2.628216774599477e-01;
4.874391494373368e-02 -2.628216774599477e-01;
4.874391494373368e-02 -2.628216774599477e-01;

1.131427033904178e-01 -1.950796218718381e-01;
1.131427033904178e-01 -1.950796218718381e-01;
-1.131427033904178e-01 1.950796218718381e-01;
1.131427033904178e-01 -1.950796218718381e-01;
1.131427033904178e-01 -1.950796218718381e-01;
-1.131427033904178e-01 1.950796218718381e-01;
1.131427033904178e-01 -1.950796218718381e-01;

2.608382726986881e-01 -2.549756791835138e-01;
2.608382726986881e-01 -2.549756791835138e-01;
-2.608382726986880e-01 2.549756791835138e-01;
2.608382726986881e-01 -2.549756791835138e-01;
-2.608382726986880e-01 2.549756791835138e-01;
2.608382726986881e-01 -2.549756791835138e-01;
2.608382726986881e-01 -2.549756791835138e-01;

2.113813188009498e-01 -1.251452193752002e-01;
2.113813188009498e-01 -1.251452193752002e-01;
-2.113813188009497e-01 1.251452193752002e-01;
2.113813188009498e-01 -1.251452193752002e-01;
-2.113813188009497e-01 1.251452193752002e-01;
-2.113813188009497e-01 1.251452193752002e-01;
2.113813188009498e-01 -1.251452193752002e-01;

1.348537339833601e-01 -5.418613439301497e-01;
1.348537339833601e-01 -5.418613439301497e-01;
-1.348537339833600e-01 5.418613439301497e-01;
-1.348537339833600e-01 5.418613439301497e-01;
1.348537339833601e-01 -5.418613439301497e-01;
1.348537339833601e-01 -5.418613439301497e-01;
1.348537339833601e-01 -5.418613439301497e-01;

2.635819152137102e-01 -2.529486640918081e-01;
2.635819152137102e-01 -2.529486640918081e-01;
-2.635819152137101e-01 2.529486640918081e-01;
-2.635819152137101e-01 2.529486640918081e-01;
2.635819152137102e-01 -2.529486640918081e-01;
-2.635819152137101e-01 2.529486640918081e-01;
2.635819152137102e-01 -2.529486640918081e-01;

5.844170067626772e-01 8.227118800790736e-03;
5.844170067626772e-01 8.227118800790736e-03;
-5.844170067626772e-01 -8.227118800790665e-03;
-5.844170067626772e-01 -8.227118800790665e-03;
-5.844170067626772e-01 -8.227118800790665e-03;
5.844170067626772e-01 8.227118800790736e-03;
5.844170067626772e-01 8.227118800790736e-03;

3.068663964194460e-01 -1.258298003483103e-02;
3.068663964194460e-01 -1.258298003483103e-02;
-3.068663964194460e-01 1.258298003483106e-02;
-3.068663964194460e-01 1.258298003483106e-02;
-3.068663964194460e-01 1.258298003483106e-02;
-3.068663964194460e-01 1.258298003483106e-02;
3.068663964194460e-01 -1.258298003483103e-02;

-6.126624804033340e-01 -3.516517757488319e+00;
6.126624804033345e-01 3.516517757488319e+00;
-6.126624804033340e-01 -3.516517757488319e+00;
-6.126624804033340e-01 -3.516517757488319e+00;
-6.126624804033340e-01 -3.516517757488319e+00;
-6.126624804033340e-01 -3.516517757488319e+00;
-6.126624804033340e-01 -3.516517757488319e+00;

6.172228690173330e-01 -1.790337645341253e-01;
-6.172228690173330e-01 1.790337645341254e-01;
6.172228690173330e-01 -1.790337645341253e-01;
6.172228690173330e-01 -1.790337645341253e-01;
6.172228690173330e-01 -1.790337645341253e-01;
-6.172228690173330e-01 1.790337645341254e-01;
6.172228690173330e-01 -1.790337645341253e-01;

3.305721999557354e-01 3.992997958048182e-01;
-3.305721999557355e-01 -3.992997958048182e-01;
3.305721999557354e-01 3.992997958048182e-01;
3.305721999557354e-01 3.992997958048182e-01;
-3.305721999557355e-01 -3.992997958048182e-01;
3.305721999557354e-01 3.992997958048182e-01;
3.305721999557354e-01 3.992997958048182e-01;

2.933252280860941e-01 1.405387638525558e-01;
-2.933252280860941e-01 -1.405387638525558e-01;
2.933252280860941e-01 1.405387638525558e-01;
2.933252280860941e-01 1.405387638525558e-01;
-2.933252280860941e-01 -1.405387638525558e-01;
-2.933252280860941e-01 -1.405387638525558e-01;
2.933252280860941e-01 1.405387638525558e-01;

-1.041486041289972e-01 5.821521352637481e-01;
1.041486041289972e-01 -5.821521352637481e-01;
-1.041486041289972e-01 5.821521352637481e-01;
1.041486041289972e-01 -5.821521352637481e-01;
-1.041486041289972e-01 5.821521352637481e-01;
-1.041486041289972e-01 5.821521352637481e-01;
-1.041486041289972e-01 5.821521352637481e-01;

3.258093713449304e-01 3.944614506943814e-01;
-3.258093713449304e-01 -3.944614506943813e-01;
3.258093713449304e-01 3.944614506943814e-01;
-3.258093713449304e-01 -3.944614506943813e-01;
3.258093713449304e-01 3.944614506943814e-01;
-3.258093713449304e-01 -3.944614506943813e-01;
3.258093713449304e-01 3.944614506943814e-01;

7.719285795337005e-02 2.697602225063337e-01;
-7.719285795337008e-02 -2.697602225063337e-01;
7.719285795337005e-02 2.697602225063337e-01;
-7.719285795337008e-02 -2.697602225063337e-01;
-7.719285795337008e-02 -2.697602225063337e-01;
7.719285795337005e-02 2.697602225063337e-01;
7.719285795337005e-02 2.697602225063337e-01;

1.479632459407643e-01 1.917101602263870e-01;
-1.479632459407644e-01 -1.917101602263869e-01;
1.479632459407643e-01 1.917101602263870e-01;
-1.479632459407644e-01 -1.917101602263869e-01;
-1.479632459407644e-01 -1.917101602263869e-01;
-1.479632459407644e-01 -1.917101602263869e-01;
1.479632459407643e-01 1.917101602263870e-01;

2.739662567292209e-01 -3.088283362048010e-01;
-2.739662567292208e-01 3.088283362048010e-01;
-2.739662567292208e-01 3.088283362048010e-01;
2.739662567292209e-01 -3.088283362048010e-01;
2.739662567292209e-01 -3.088283362048010e-01;
2.739662567292209e-01 -3.088283362048010e-01;
2.739662567292209e-01 -3.088283362048010e-01;

2.282369395582362e-01 -1.427038400593638e-01;
-2.282369395582362e-01 1.427038400593638e-01;
-2.282369395582362e-01 1.427038400593638e-01;
2.282369395582362e-01 -1.427038400593638e-01;
2.282369395582362e-01 -1.427038400593638e-01;
-2.282369395582362e-01 1.427038400593638e-01;
2.282369395582362e-01 -1.427038400593638e-01;

3.464268026463375e-01 -6.013331995754929e-03;
-3.464268026463375e-01 6.013331995754972e-03;
-3.464268026463375e-01 6.013331995754972e-03;
3.464268026463375e-01 -6.013331995754929e-03;
-3.464268026463375e-01 6.013331995754972e-03;
3.464268026463375e-01 -6.013331995754929e-03;
3.464268026463375e-01 -6.013331995754929e-03;

2.253276144549036e-01 -1.056223091547382e-02;
-2.253276144549036e-01 1.056223091547385e-02;
-2.253276144549036e-01 1.056223091547385e-02;
2.253276144549036e-01 -1.056223091547382e-02;
-2.253276144549036e-01 1.056223091547385e-02;
-2.253276144549036e-01 1.056223091547385e-02;
2.253276144549036e-01 -1.056223091547382e-02;

7.299625623320268e-01 6.906033783611167e-02;
-7.299625623320268e-01 -6.906033783611158e-02;
-7.299625623320268e-01 -6.906033783611158e-02;
-7.299625623320268e-01 -6.906033783611158e-02;
7.299625623320268e-01 6.906033783611167e-02;
7.299625623320268e-01 6.906033783611167e-02;
7.299625623320268e-01 6.906033783611167e-02;

3.447586428471002e-01 -3.450353814951809e-03;
-3.447586428471002e-01 3.450353814951851e-03;
-3.447586428471002e-01 3.450353814951851e-03;
-3.447586428471002e-01 3.450353814951851e-03;
3.447586428471002e-01 -3.450353814951809e-03;
-3.447586428471002e-01 3.450353814951851e-03;
3.447586428471002e-01 -3.450353814951809e-03;

2.505193091295692e-01 1.796554472630210e-01;
-2.505193091295692e-01 -1.796554472630210e-01;
-2.505193091295692e-01 -1.796554472630210e-01;
-2.505193091295692e-01 -1.796554472630210e-01;
-2.505193091295692e-01 -1.796554472630210e-01;
2.505193091295692e-01 1.796554472630210e-01;
2.505193091295692e-01 1.796554472630210e-01;

2.041974916190036e-01 8.468379926638243e-02;
-2.041974916190036e-01 -8.468379926638241e-02;
-2.041974916190036e-01 -8.468379926638241e-02;
-2.041974916190036e-01 -8.468379926638241e-02;
-2.041974916190036e-01 -8.468379926638241e-02;
-2.041974916190036e-01 -8.468379926638241e-02;
2.041974916190036e-01 8.468379926638243e-02;

